0	9.28019	4.29092
1	4.95488	3.33436
2	3.30325	3.38948
3	7.44316	3.36753
4	10.386	3.25794
5	8.65503	4.12635
6	7.41859	3.94204
7	6.49127	3.64756
8	5.90534	4.21866
9	6.30602	4.41001
10	5.73274	4.24034
11	5.26065	4.70053
12	4.85599	4.83193
13	4.50913	4.59422
14	4.20852	4.62704
15	4.0503	4.96277
16	3.81205	4.95916
17	4.06858	4.90613
18	3.85445	4.75031
19	3.66172	4.95743
20	3.48736	4.97463
21	3.65066	5.44547
22	3.49194	5.50906
23	3.75988	5.44542
24	3.60948	5.29399
25	3.47065	5.58927
26	3.679	5.58727
27	3.98679	5.44893
28	3.88053	5.5917
29	3.75118	5.53776
30	3.88068	5.4597
31	3.97732	5.33611
32	4.6232	5.27734
33	4.48723	5.31163
34	4.81201	5.31777
35	4.93102	5.33824
36	4.79774	5.30198
37	4.67149	5.20542
38	4.55171	5.27314
39	4.71733	5.47478
40	4.60228	5.41547
41	4.82502	5.7298
42	4.78054	5.6361
43	4.68811	5.55521
44	4.58393	5.46547
45	4.48428	5.53764
46	4.40642	5.47776
47	4.56971	5.40114
48	4.80927	5.34341
49	4.71308	5.27765
50	4.62067	5.21072
51	4.54727	5.14077
52	4.4647	5.07403
53	4.38202	5.13292
54	4.30235	5.19409
55	4.24714	5.20123
56	4.17263	5.22494
57	4.19937	5.31298
58	4.32876	5.30194
59	4.30005	5.32336
60	4.52919	5.37401
61	4.87396	5.42709
62	4.96206	5.41451
63	4.8986	5.35659
64	4.82323	5.30343
65	4.75016	5.26478
66	4.95697	5.24857
67	4.98639	5.19338
68	4.98918	5.1612
69	4.9179	5.11884
70	4.92772	5.14334
71	4.85928	5.1494
72	4.80557	5.10214
73	4.74063	5.06752
74	4.67742	5.03059
75	4.61588	5.00132
76	4.55593	4.97629
77	4.49752	5.10858
78	4.4937	5.10388
79	4.43753	5.07044
80	4.38274	5.15324
81	4.38451	5.13947
82	4.33169	5.12775
83	4.32186	5.08721
84	4.46741	5.08841
85	4.53877	5.07244
86	4.73869	5.20831
87	4.70657	5.16934
88	4.65369	5.14817
89	4.60198	5.19643
90	4.64318	5.15913
91	4.59271	5.12192
92	4.6609	5.15176
93	4.69851	5.15421
94	4.64905	5.17665
95	4.60062	5.24292
96	4.55319	5.23285
97	4.50673	5.25365
98	4.46121	5.21604
99	4.56837	5.27127
100	4.6664	5.28569
101	4.62065	5.38585
102	4.57579	5.35353
103	4.56042	5.32472
104	4.693	5.29195
105	4.64872	5.309
106	4.60528	5.2982
107	4.56264	5.32031
108	4.75846	5.28683
109	4.886	5.26011
110	4.84198	5.279
111	4.79875	5.26931
112	4.75628	5.23719
113	4.71456	5.20606
114	4.67357	5.21189
115	4.72023	5.23935
116	4.89268	5.26361
117	4.86411	5.32661
118	4.82323	5.30551
119	4.86399	5.28213
120	4.82379	5.2863
121	4.78425	5.3182
122	4.74536	5.34622
123	4.89976	5.3304
124	4.86056	5.31022
125	4.82198	5.32162
126	4.81058	5.35786
127	4.773	5.34646
128	4.74105	5.33225
129	4.70458	5.31309
130	4.66867	5.28507
131	4.66979	5.26433
132	4.63468	5.23776
133	4.61967	5.22762
134	4.58545	5.20933
135	4.57865	5.20594
136	4.54523	5.24742
137	4.5123	5.27685
138	4.47983	5.33746
139	4.68099	5.34347
140	4.64779	5.36792
141	4.73094	5.35129
142	4.70051	5.32463
143	4.66787	5.30341
144	4.63568	5.28333
145	4.60393	5.26551
146	4.57261	5.27526
147	4.54171	5.25323
148	4.55988	5.27003
149	4.52948	5.24878
150	4.60166	5.23154
151	4.57139	5.25291
152	4.54151	5.24048
153	4.67027	5.22836
154	4.71745	5.22122
155	4.74259	5.27752
156	4.71239	5.35148
157	4.69459	5.34463
158	4.66506	5.3306
159	4.6359	5.30738
160	4.75634	5.32029
161	4.78535	5.30458
162	4.75599	5.30325
163	4.72699	5.28568
164	4.69835	5.26303
165	4.67004	5.2582
166	4.64208	5.26204
167	4.66384	5.25662
168	4.63624	5.29404
169	4.60897	5.30127
170	4.8097	5.35051
171	4.93824	5.37034
172	4.9097	5.39176
173	4.88148	5.37482
174	4.89455	5.36136
175	4.86674	5.34435
176	4.83925	5.34089
177	4.81206	5.37592
178	4.78518	5.41061
179	4.75859	5.39247
180	4.73397	5.37569
181	4.70796	5.36434
182	4.68223	5.3509
183	4.65679	5.38838
184	4.63713	5.36797
185	4.64197	5.37014
186	4.61714	5.36181
187	4.64623	5.36131
188	4.62165	5.36933
189	4.59733	5.36548
190	4.57326	5.36775
191	4.54944	5.36771
192	4.52587	5.34844
193	4.54851	5.33765
194	4.55211	5.3471
195	4.52889	5.33121
196	4.5059	5.34702
197	4.48314	5.37442
198	4.46061	5.36432
199	4.43831	5.3742
200	4.46601	5.36469
201	4.52608	5.35826
202	4.50378	5.3461
203	4.56775	5.34017
204	4.60978	5.35599
205	4.61848	5.38925
206	4.60721	5.4013
207	4.60425	5.42212
208	4.58222	5.42729
209	4.5604	5.4289
210	4.60704	5.41731
211	4.58531	5.43424
212	4.56378	5.46126
213	4.5626	5.46785
214	4.5521	5.46282
215	4.59971	5.45555
216	4.57851	5.46294
217	4.55751	5.44793
218	4.54893	5.43209
219	4.54422	5.42565
220	4.52947	5.42621
221	4.50907	5.43799
222	4.48885	5.43802
223	4.46881	5.47927
224	4.44895	5.46861
225	4.5072	5.45356
226	4.48735	5.45527
227	4.46767	5.44405
228	4.44816	5.4382
229	4.42882	5.47297
230	4.40964	5.48923
231	4.39185	5.47275
232	4.37346	5.47652
233	4.35477	5.47825
234	4.33623	5.49034
235	4.31786	5.47476
236	4.33331	5.4897
237	4.3151	5.49416
238	4.29705	5.48447
239	4.27914	5.46813
240	4.28234	5.45168
241	4.28737	5.46907
242	4.26973	5.48816
243	4.25873	5.49458
244	4.25742	5.51726
245	4.24012	5.53391
246	4.23469	5.5332
247	4.25798	5.53902
248	4.26777	5.54198
249	4.2507	5.52662
250	4.23376	5.52557
251	4.26317	5.50985
252	4.24632	5.49771
253	4.2296	5.59036
254	4.21817	5.5745
255	4.20169	5.57244
256	4.18534	5.55803
257	4.20525	5.55383
258	4.20275	5.54218
259	4.18844	5.54065
260	4.17239	5.53132
261	4.15646	5.5312
262	4.18418	5.52339
263	4.16833	5.50964
264	4.20284	5.49805
265	4.25913	5.48412
266	4.24317	5.47799
267	4.22734	5.46566
268	4.22604	5.47354
269	4.2477	5.46787
270	4.28841	5.45783
271	4.27952	5.44403
272	4.26385	5.4672
273	4.24829	5.50946
274	4.23284	5.49969
275	4.2175	5.49038
276	4.20228	5.49884
277	4.18716	5.5218
278	4.17215	5.50735
279	4.15725	5.51325
280	4.17972	5.55214
281	4.20726	5.54232
282	4.19239	5.54619
283	4.18644	5.5567
284	4.17175	5.5522
285	4.1857	5.54521
286	4.17111	5.54226
287	4.15663	5.53214
288	4.20443	5.53898
289	4.18993	5.52536
290	4.24023	5.51894
291	4.24382	5.51258
292	4.22934	5.4999
293	4.30141	5.50387
294	4.28959	5.51687
295	4.32799	5.51904
296	4.31341	5.51758
297	4.29894	5.51812
298	4.28682	5.55278
299	4.31999	5.55139
300	4.30563	5.53805
301	4.3204	5.52729
302	4.36016	5.53531
303	4.38672	5.53407
304	4.41521	5.52108
305	4.40436	5.51771
306	4.39001	5.50517
307	4.37576	5.49221
308	4.37047	5.50696
309	4.35637	5.5137
310	4.3481	5.51907
311	4.33416	5.51441
312	4.32849	5.50409
313	4.396	5.52409
314	4.40223	5.51657
315	4.3883	5.50393
316	4.38402	5.53071
317	4.38133	5.55318
318	4.39628	5.55522
319	4.42382	5.56315
320	4.46685	5.55614
321	4.46191	5.55445
322	4.47494	5.56306
323	4.46288	5.55816
324	4.44915	5.54765
325	4.44081	5.54078
326	4.49129	5.53489
327	4.4776	5.53463
328	4.5177	5.54845
329	4.56646	5.54161
330	4.55267	5.54526
331	4.55411	5.53333
332	4.58172	5.53835
333	4.568	5.53654
334	4.55437	5.52696
335	4.54268	5.53082
336	4.6014	5.52019
337	4.63545	5.52616
338	4.69273	5.52121
339	4.70374	5.50961
340	4.68995	5.49836
341	4.69103	5.48674
342	4.67735	5.4948
343	4.66375	5.51293
344	4.69762	5.51104
345	4.70154	5.50334
346	4.77011	5.5226
347	4.7564	5.5188
348	4.75454	5.53007
349	4.76292	5.51894
350	4.79604	5.50973
351	4.78242	5.51752
352	4.76887	5.50936
353	4.7554	5.53415
354	4.756	5.53454
355	4.74264	5.52885
356	4.73673	5.53564
357	4.72778	5.5308
358	4.75065	5.5267
359	4.73745	5.52982
360	4.72433	5.5261
361	4.71809	5.51594
362	4.70509	5.51169
363	4.69217	5.50911
364	4.67931	5.49938
365	4.68085	5.49565
366	4.6681	5.49261
367	4.65542	5.48274
368	4.67423	5.47626
369	4.66379	5.48395
370	4.70288	5.47726
371	4.69024	5.46678
372	4.67766	5.45952
373	4.6916	5.46388
374	4.67909	5.45688
375	4.66664	5.45886
376	4.65426	5.4536
377	4.64195	5.44339
378	4.65305	5.43376
379	4.68219	5.46917
380	4.6699	5.45976
381	4.65767	5.47002
382	4.65517	5.46327
383	4.68244	5.47614
384	4.67028	5.48169
385	4.66966	5.47249
386	4.68598	5.48584
387	4.6739	5.4809
388	4.69254	5.47747
389	4.68827	5.46739
390	4.68856	5.48041
391	4.68147	5.48718
392	4.67718	5.47703
393	4.67454	5.4788
394	4.6627	5.49024
395	4.65093	5.49697
396	4.63921	5.49311
397	4.66618	5.48565
398	4.66174	5.48561
399	4.66291	5.49418
400	4.66987	5.51034
401	4.65825	5.50608
402	4.64669	5.49624
403	4.66781	5.49103
404	4.69487	5.48862
405	4.72027	5.49879
406	4.74422	5.4892
407	4.74778	5.48271
408	4.74378	5.48222
409	4.74588	5.4859
410	4.73434	5.48583
411	4.72285	5.49788
412	4.71141	5.48995
413	4.70583	5.48787
414	4.6983	5.48924
415	4.687	5.50248
416	4.68465	5.49703
417	4.6849	5.48851
418	4.70082	5.48956
419	4.7084	5.4803
420	4.71311	5.47655
421	4.78056	5.49089
422	4.8272	5.5171
423	4.81669	5.53205
424	4.81045	5.54254
425	4.80366	5.56674
426	4.79241	5.55725
427	4.81016	5.55058
428	4.82825	5.54974
429	4.82686	5.57137
430	4.8209	5.57769
431	4.82763	5.56855
432	4.82356	5.57902
433	4.89378	5.57481
434	4.91796	5.56654
435	4.90668	5.57068
436	4.89545	5.58638
437	4.90844	5.58463
438	4.89782	5.6085
439	4.88669	5.60671
440	4.87857	5.59851
441	4.86753	5.59804
442	4.88915	5.5989
443	4.87814	5.62523
444	4.86718	5.62143
445	4.85626	5.61242
446	4.8454	5.6038
447	4.89882	5.59558
448	4.93793	5.59037
449	4.94704	5.58805
450	4.93893	5.57927
451	4.93103	5.57105
452	4.92015	5.57232
453	4.9447	5.56333
454	4.93383	5.55997
455	4.93475	5.55169
456	4.93781	5.55238
457	4.9435	5.54505
458	4.94075	5.5367
459	4.93001	5.53656
460	4.91996	5.52788
461	4.90931	5.53357
462	4.90638	5.53597
463	4.8958	5.53647
464	4.88527	5.52958
465	4.89235	5.52824
466	4.91258	5.52014
467	4.93878	5.51465
468	4.95903	5.50728
469	4.94848	5.49882
470	4.93797	5.5025
471	4.93425	5.51164
472	4.92382	5.50649
473	4.91343	5.5147
474	4.90309	5.50658
475	4.89279	5.50748
476	4.96726	5.50797
477	4.95687	5.4999
478	4.97813	5.4919
479	4.98174	5.49229
480	5.00228	5.49004
481	5.01216	5.48204
482	5.00179	5.49034
483	5.02211	5.51431
484	5.01175	5.52038
485	5.01536	5.52387
486	5.01752	5.52555
487	5.01737	5.53465
488	5.00711	5.5264
489	4.9969	5.53308
490	4.98939	5.54199
491	4.97924	5.53888
492	4.98722	5.5481
493	4.97712	5.55172
494	4.96731	5.54366
495	4.9573	5.5385
496	4.96246	5.53593
497	4.9525	5.52785
498	4.94257	5.53839
499	4.94563	5.53369
500	4.94324	5.53161
501	4.95901	5.52515
502	4.94915	5.51977
503	4.96354	5.5203
504	4.96577	5.51496
505	4.95596	5.51051
506	4.95219	5.50655
507	4.95902	5.49921
508	4.98727	5.50572
509	4.99598	5.51977
510	4.9862	5.51385
511	5.0182	5.52773
512	5.00842	5.52147
513	5.02016	5.52176
514	5.07989	5.52078
515	5.07005	5.51573
516	5.07913	5.50843
517	5.07312	5.50864
518	5.06877	5.50526
519	5.06285	5.49769
520	5.05314	5.49111
521	5.04346	5.48649
522	5.03381	5.48331
523	5.04283	5.48018
524	5.05279	5.47571
525	5.06149	5.47513
526	5.05189	5.46798
527	5.04232	5.46093
528	5.08006	5.46713
529	5.09798	5.47833
530	5.09918	5.4733
531	5.0896	5.47302
532	5.0972	5.46597
533	5.08765	5.47779
534	5.087	5.47897
535	5.0775	5.47877
536	5.08955	5.4724
537	5.08009	5.46729
538	5.09496	5.46018
539	5.08552	5.45329
540	5.07612	5.44802
541	5.07143	5.45212
542	5.06394	5.44556
543	5.05463	5.44008
544	5.04535	5.43332
545	5.05414	5.4334
546	5.052	5.42929
547	5.04279	5.42239
548	5.05956	5.41992
549	5.07103	5.42159
550	5.08715	5.41616
551	5.08108	5.41393
552	5.07191	5.42067
553	5.07225	5.42096
554	5.06311	5.42221
555	5.06718	5.42228
556	5.10349	5.4214
557	5.13593	5.43531
558	5.14949	5.43686
559	5.14861	5.43702
560	5.13943	5.43079
561	5.17236	5.42803
562	5.16835	5.42919
563	5.15919	5.43184
564	5.17318	5.4256
565	5.16404	5.42233
566	5.16842	5.4233
567	5.15932	5.43087
568	5.15063	5.42781
569	5.14159	5.43784
570	5.13259	5.44333
571	5.13758	5.43817
572	5.1892	5.43578
573	5.19537	5.43145
574	5.20362	5.42466
575	5.1986	5.41931
576	5.21802	5.41272
577	5.21712	5.41601
578	5.21812	5.41871
579	5.27164	5.41944
580	5.27828	5.42945
581	5.26921	5.43379
582	5.26017	5.43846
583	5.26862	5.44135
584	5.28921	5.44206
585	5.29965	5.43738
586	5.30843	5.43237
587	5.2994	5.43043
588	5.30514	5.43976
589	5.29615	5.43383
590	5.31332	5.42772
591	5.30677	5.43807
592	5.33255	5.4564
593	5.32357	5.4587
594	5.31672	5.46113
595	5.32487	5.46707
596	5.31595	5.46242
597	5.30706	5.4598
598	5.30509	5.48412
599	5.29625	5.47943
600	5.30007	5.47293
601	5.29127	5.46693
602	5.29066	5.46462
603	5.30699	5.46203
604	5.29821	5.4641
605	5.28947	5.4633
606	5.28076	5.45989
607	5.29534	5.45353
608	5.30593	5.46372
609	5.31795	5.46238
610	5.30925	5.4601
611	5.30057	5.46194
612	5.29225	5.46848
613	5.28612	5.46488
614	5.30545	5.45873
615	5.29684	5.47176
616	5.29264	5.47525
617	5.28408	5.48161
618	5.27554	5.47803
619	5.26703	5.47465
620	5.27748	5.46832
621	5.269	5.46211
622	5.2615	5.4609
623	5.25588	5.46438
624	5.28079	5.47939
625	5.28412	5.47544
626	5.27569	5.47746
627	5.28653	5.48306
628	5.27812	5.47828
629	5.26974	5.4768
630	5.27089	5.47875
631	5.27871	5.48056
632	5.27037	5.47815
633	5.2643	5.47238
634	5.27799	5.47163
635	5.26969	5.46565
636	5.27451	5.46024
637	5.26624	5.45518
638	5.26012	5.45476
639	5.26325	5.45677
640	5.25566	5.45525
641	5.24747	5.46121
642	5.23931	5.46628
643	5.23117	5.47892
644	5.2506	5.47638
645	5.25238	5.4862
646	5.24426	5.48859
647	5.23617	5.48246
648	5.2281	5.49931
649	5.22006	5.49338
650	5.21204	5.49023
651	5.20405	5.48718
652	5.19991	5.48296
653	5.21594	5.48122
654	5.20798	5.48406
655	5.20547	5.48046
656	5.23543	5.47446
657	5.24663	5.47739
658	5.2526	5.47613
659	5.24464	5.48866
660	5.25581	5.48374
661	5.24787	5.48145
662	5.23996	5.4775
663	5.23207	5.48005
664	5.2242	5.47829
665	5.24458	5.47761
666	5.23671	5.47992
667	5.23528	5.49436
668	5.22745	5.49548
669	5.22305	5.49285
670	5.22311	5.49612
671	5.21534	5.49697
672	5.24136	5.50641
673	5.23359	5.50891
674	5.22583	5.50625
675	5.25586	5.50573
676	5.25288	5.50152
677	5.26233	5.50292
678	5.26707	5.50345
679	5.27721	5.50119
680	5.26946	5.49793
681	5.26174	5.49503
682	5.27246	5.49105
683	5.26475	5.48676
684	5.25707	5.48568
685	5.25515	5.48106
686	5.24857	5.48174
687	5.24094	5.47677
688	5.23334	5.47619
689	5.25	5.48105
690	5.25487	5.47631
691	5.25274	5.47355
692	5.25888	5.48658
693	5.25314	5.48482
694	5.2473	5.4791
695	5.24962	5.49306
696	5.28095	5.4874
697	5.28227	5.48703
698	5.27471	5.48567
699	5.26717	5.48484
700	5.26374	5.47964
701	5.26758	5.47617
702	5.28469	5.4712
703	5.27923	5.46705
704	5.27174	5.46337
705	5.2908	5.45986
706	5.31774	5.45785
707	5.34263	5.45584
708	5.33509	5.45825
709	5.32758	5.45425
710	5.32009	5.44867
711	5.31261	5.45056
712	5.30516	5.45039
713	5.29773	5.45404
714	5.31839	5.45643
715	5.31798	5.45105
716	5.33387	5.44734
717	5.32644	5.4476
718	5.33629	5.44236
719	5.32888	5.44463
720	5.32149	5.44072
721	5.31412	5.44653
722	5.33041	5.45308
723	5.3498	5.46638
724	5.34838	5.46548
725	5.34346	5.46108
726	5.34044	5.45652
727	5.3331	5.45742
728	5.32942	5.45735
729	5.33991	5.46074
730	5.335	5.46063
731	5.33496	5.46227
732	5.34437	5.45731
733	5.34959	5.45203
734	5.34965	5.45065
735	5.3536	5.44977
736	5.34633	5.44487
737	5.33909	5.45834
738	5.33186	5.45641
739	5.34121	5.4518
740	5.34376	5.46473
741	5.33656	5.46807
742	5.3506	5.4628
743	5.3434	5.45987
744	5.37857	5.45897
745	5.37136	5.45573
746	5.36417	5.45051
747	5.35702	5.44871
748	5.3524	5.44453
749	5.36522	5.43982
750	5.39971	5.45191
751	5.41396	5.45305
752	5.41476	5.45128
753	5.4522	5.45111
754	5.44497	5.44793
755	5.46735	5.44967
756	5.46013	5.44678
757	5.45376	5.44208
758	5.44657	5.43841
759	5.44637	5.44021
760	5.44149	5.43556
761	5.4365	5.43596
762	5.43099	5.43456
763	5.42388	5.4358
764	5.41679	5.43156
765	5.43117	5.42964
766	5.45065	5.42927
767	5.45943	5.42722
768	5.45233	5.4279
769	5.44525	5.42844
770	5.44654	5.42901
771	5.43948	5.43002
772	5.43844	5.42934
773	5.43141	5.43407
774	5.42595	5.43624
775	5.41895	5.43679
776	5.41817	5.43418
777	5.41718	5.42993
778	5.42714	5.4267
779	5.42703	5.42361
780	5.42437	5.41955
781	5.42912	5.4218
782	5.42219	5.41688
783	5.41819	5.41449
784	5.41129	5.42037
785	5.41274	5.4225
786	5.40587	5.42271
787	5.39901	5.42219
788	5.40789	5.43046
789	5.40104	5.43509
790	5.39422	5.43347
791	5.3881	5.4303
792	5.40371	5.42911
793	5.3969	5.42537
794	5.39011	5.43437
795	5.38334	5.43308
796	5.37659	5.4318
797	5.36985	5.43355
798	5.38331	5.43334
799	5.39584	5.43442
800	5.39913	5.43578
801	5.41666	5.43503
802	5.40992	5.44736
803	5.40319	5.44362
804	5.39759	5.44327
805	5.40363	5.44335
806	5.39693	5.44297
807	5.39025	5.44087
808	5.39959	5.4482
809	5.39293	5.4434
810	5.38628	5.44531
811	5.38992	5.44212
812	5.40551	5.43828
813	5.43851	5.43374
814	5.43184	5.43026
815	5.42702	5.43179
816	5.42038	5.43799
817	5.41375	5.44062
818	5.41611	5.45075
819	5.41663	5.44977
820	5.41003	5.44526
821	5.43655	5.46074
822	5.43324	5.46101
823	5.42859	5.46023
824	5.43411	5.46643
825	5.42753	5.4677
826	5.42535	5.46763
827	5.4188	5.46495
828	5.42437	5.46644
829	5.41818	5.47189
830	5.41757	5.47226
831	5.41106	5.47467
832	5.40456	5.47501
833	5.39808	5.47555
834	5.42316	5.47331
835	5.42583	5.46874
836	5.41935	5.46983
837	5.42318	5.4659
838	5.43153	5.46421
839	5.42506	5.47264
840	5.41861	5.46991
841	5.41217	5.46753
842	5.42692	5.46469
843	5.42168	5.46258
844	5.41916	5.469
845	5.41275	5.46662
846	5.40636	5.47806
847	5.39998	5.47486
848	5.39362	5.47103
849	5.38728	5.47422
850	5.38095	5.48279
851	5.38878	5.48791
852	5.4194	5.48645
853	5.41306	5.48204
854	5.43239	5.47856
855	5.4493	5.47832
856	5.45727	5.48309
857	5.45815	5.47913
858	5.46449	5.48516
859	5.45814	5.48461
860	5.4518	5.48459
861	5.46299	5.48195
862	5.45666	5.48755
863	5.45035	5.49771
864	5.44404	5.50563
865	5.43776	5.50267
866	5.43149	5.50021
867	5.42691	5.49938
868	5.43034	5.49869
869	5.4241	5.49898
870	5.42529	5.49939
871	5.41976	5.50313
872	5.41355	5.50487
873	5.41164	5.51427
874	5.40545	5.51054
875	5.4131	5.50952
876	5.40693	5.50556
877	5.40899	5.50712
878	5.40986	5.50918
879	5.40371	5.50531
880	5.40378	5.50301
881	5.42523	5.50486
882	5.41909	5.50418
883	5.41536	5.50366
884	5.42637	5.5103
885	5.42772	5.51067
886	5.4216	5.51367
887	5.42961	5.51043
888	5.44826	5.50626
889	5.44213	5.5025
890	5.4514	5.49844
891	5.45159	5.49763
892	5.45553	5.49632
893	5.44943	5.49262
894	5.44334	5.49231
895	5.43795	5.49151
896	5.43648	5.49431
897	5.43042	5.49399
898	5.43862	5.49462
899	5.43257	5.49165
900	5.42828	5.49189
901	5.45062	5.50212
902	5.4468	5.51387
903	5.46399	5.51736
904	5.46603	5.51436
905	5.45999	5.51043
906	5.45408	5.51311
907	5.44807	5.51138
908	5.44747	5.51206
909	5.44748	5.50765
910	5.44408	5.50325
911	5.44703	5.50841
912	5.44623	5.50833
913	5.44418	5.50674
914	5.43823	5.50523
915	5.4323	5.50111
916	5.42637	5.49852
917	5.42046	5.49451
918	5.41456	5.4925
919	5.41147	5.49478
920	5.4083	5.49081
921	5.41103	5.4865
922	5.40958	5.48332
923	5.40373	5.47985
924	5.39789	5.49307
925	5.39206	5.50403
926	5.38624	5.50625
927	5.38476	5.50511
928	5.38247	5.51884
929	5.37669	5.51789
930	5.38478	5.51739
931	5.39123	5.5284
932	5.39343	5.52417
933	5.39136	5.52365
934	5.4044	5.52263
935	5.39862	5.52076
936	5.40372	5.52854
937	5.40149	5.52429
938	5.39574	5.52488
939	5.39091	5.52508
940	5.38617	5.52157
941	5.38045	5.51851
942	5.37474	5.51632
943	5.38155	5.51217
944	5.37585	5.51968
945	5.37376	5.51544
946	5.38506	5.5142
947	5.37937	5.51116
948	5.38866	5.5079
949	5.38298	5.51172
950	5.37732	5.50782
951	5.38707	5.50983
952	5.38142	5.50971
953	5.37578	5.52046
954	5.38953	5.52306
955	5.40021	5.52013
956	5.41091	5.51923
957	5.40542	5.52304
958	5.40059	5.52062
959	5.39496	5.52086
960	5.42508	5.51891
961	5.42565	5.51911
962	5.42001	5.51515
963	5.41439	5.51178
964	5.41032	5.50778
965	5.41361	5.51283
966	5.42928	5.51345
967	5.44135	5.51015
968	5.43763	5.51074
969	5.43203	5.51905
970	5.43156	5.51997
971	5.43238	5.51899
972	5.4352	5.51506
973	5.44529	5.51111
974	5.44487	5.51309
975	5.44354	5.51405
976	5.43796	5.51288
977	5.44838	5.50911
978	5.47384	5.50715
979	5.46825	5.51558
980	5.46268	5.52322
981	5.4686	5.52061
982	5.46303	5.51763
983	5.45748	5.51388
984	5.45194	5.51601
985	5.46057	5.51416
986	5.45504	5.51958
987	5.46108	5.52429
988	5.45556	5.52632
989	5.45005	5.5229
990	5.44455	5.52591
991	5.43953	5.52233
992	5.45002	5.5324
993	5.44933	5.53232
994	5.44385	5.5394
995	5.43839	5.53958
996	5.44317	5.5413
997	5.46595	5.54349
998	5.47845	5.53948
999	5.47297	5.53628
1000	5.4827	5.54055
1001	5.49144	5.53882
1002	5.48597	5.54004
1003	5.49482	5.53983
1004	5.48935	5.54244
1005	5.48389	5.5466
1006	5.47845	5.54294
1007	5.47301	5.53915
1008	5.46759	5.53954
1009	5.46217	5.53835
1010	5.46974	5.53767
1011	5.47972	5.53506
1012	5.47713	5.54151
1013	5.47173	5.54785
1014	5.48897	5.54391
1015	5.48987	5.54544
1016	5.49244	5.54397
1017	5.50132	5.54686
1018	5.51459	5.55451
1019	5.5171	5.55642
1020	5.5117	5.56479
1021	5.5411	5.56966
1022	5.54497	5.57081
1023	5.55491	5.56905
1024	5.54949	5.56741
1025	5.54408	5.56482
1026	5.53869	5.56096
1027	5.5333	5.57025
1028	5.53509	5.56736
1029	5.53512	5.56639
1030	5.52975	5.57245
1031	5.52439	5.56998
1032	5.51905	5.56931
1033	5.5313	5.57212
1034	5.52596	5.57334
1035	5.53448	5.57081
1036	5.52914	5.56753
1037	5.52381	5.57856
1038	5.52897	5.57543
1039	5.52365	5.57468
1040	5.51835	5.57953
1041	5.51305	5.57564
1042	5.51237	5.58022
1043	5.50709	5.58669
1044	5.50182	5.58804
1045	5.50002	5.59253
1046	5.50217	5.59722
1047	5.50471	5.6004
1048	5.49946	5.59969
1049	5.49851	5.59836
1050	5.49328	5.5952
1051	5.49243	5.59201
1052	5.50172	5.59134
1053	5.50827	5.58799
1054	5.51056	5.59176
1055	5.50534	5.59791
1056	5.50262	5.59921
1057	5.50055	5.59612
1058	5.49536	5.59279
1059	5.49017	5.59037
1060	5.48742	5.58915
1061	5.48226	5.5873
1062	5.4771	5.5855
1063	5.4939	5.58646
1064	5.48874	5.58359
1065	5.49464	5.58963
1066	5.48949	5.59477
1067	5.48435	5.59343
1068	5.49167	5.5912
1069	5.48654	5.58763
1070	5.4931	5.58597
1071	5.48798	5.58957
1072	5.48287	5.59466
1073	5.49636	5.59503
1074	5.49125	5.59126
1075	5.50612	5.58782
1076	5.50101	5.58864
1077	5.49591	5.58931
1078	5.49082	5.58559
1079	5.49372	5.59518
1080	5.49573	5.59193
1081	5.51608	5.59037
1082	5.51127	5.58693
1083	5.50619	5.58814
1084	5.50111	5.58733
1085	5.50731	5.58417
1086	5.51087	5.58922
1087	5.50656	5.58595
1088	5.50717	5.59002
1089	5.50212	5.59789
1090	5.49707	5.59627
1091	5.4965	5.59285
1092	5.49358	5.59957
1093	5.49796	5.60019
1094	5.50627	5.59661
1095	5.52008	5.59454
1096	5.51505	5.59371
1097	5.51003	5.59001
1098	5.52512	5.59336
1099	5.52226	5.5897
1100	5.52101	5.5896
1101	5.52006	5.59492
1102	5.51505	5.59342
1103	5.51006	5.59589
1104	5.50507	5.59574
1105	5.50215	5.59934
1106	5.49718	5.59913
1107	5.49712	5.5991
1108	5.52535	5.60378
1109	5.53109	5.60017
1110	5.52611	5.59769
1111	5.52114	5.59872
1112	5.51618	5.59687
1113	5.52754	5.59487
1114	5.52552	5.6054
1115	5.53457	5.60187
1116	5.52962	5.59912
1117	5.52672	5.59752
1118	5.52984	5.59395
1119	5.52491	5.59039
1120	5.51998	5.5912
1121	5.51506	5.59486
1122	5.51015	5.59858
1123	5.50525	5.59565
1124	5.50035	5.59412
1125	5.49733	5.60384
1126	5.49246	5.60135
1127	5.48759	5.6064
1128	5.49499	5.61934
1129	5.49013	5.625
1130	5.48827	5.62259
1131	5.48954	5.62309
1132	5.48694	5.61957
1133	5.4821	5.62136
1134	5.49056	5.62138
1135	5.49194	5.62008
1136	5.48711	5.62007
1137	5.48229	5.61652
1138	5.49505	5.61499
1139	5.49023	5.61166
1140	5.48542	5.61217
1141	5.49211	5.61633
1142	5.50091	5.61403
1143	5.49668	5.61629
1144	5.49595	5.61508
1145	5.49547	5.61247
1146	5.49068	5.61364
1147	5.48589	5.61293
1148	5.49928	5.62193
1149	5.50121	5.62376
1150	5.49643	5.62224
1151	5.4929	5.63532
1152	5.49364	5.63213
1153	5.48888	5.63567
1154	5.493	5.63696
1155	5.48825	5.63861
1156	5.48928	5.64325
1157	5.48454	5.64159
1158	5.47981	5.64118
1159	5.49141	5.63799
1160	5.49278	5.64215
1161	5.48806	5.64581
1162	5.51067	5.65034
1163	5.51263	5.64889
1164	5.52408	5.64765
1165	5.51934	5.64551
1166	5.51699	5.64242
1167	5.5434	5.64226
1168	5.54726	5.64304
1169	5.54258	5.64058
1170	5.5468	5.64128
1171	5.54206	5.64241
1172	5.55001	5.65268
1173	5.54528	5.65267
1174	5.54056	5.65013
1175	5.54193	5.65026
1176	5.55184	5.64868
1177	5.55296	5.65768
1178	5.54825	5.65458
1179	5.54691	5.65733
1180	5.54222	5.6542
1181	5.55039	5.66176
1182	5.54734	5.65909
1183	5.54265	5.66511
1184	5.54693	5.66274
1185	5.54325	5.66176
1186	5.55101	5.66078
1187	5.55477	5.65911
1188	5.57086	5.66204
1189	5.56618	5.65867
1190	5.56203	5.66177
1191	5.56636	5.65849
1192	5.5617	5.65503
1193	5.55721	5.65198
1194	5.57501	5.65423
1195	5.57381	5.65495
1196	5.56916	5.65213
1197	5.56822	5.64983
1198	5.56358	5.64782
1199	5.56112	5.64439
1200	5.55649	5.64419
1201	5.55924	5.64084
1202	5.55462	5.63851
1203	5.55923	5.64073
1204	5.55462	5.64079
1205	5.56526	5.64397
1206	5.58089	5.64386
1207	5.57971	5.64649
1208	5.58068	5.64918
1209	5.57607	5.64904
1210	5.57146	5.64736
1211	5.56943	5.64404
1212	5.57272	5.65013
1213	5.56813	5.65047
1214	5.57297	5.64706
1215	5.56839	5.64378
1216	5.575	5.64302
1217	5.57043	5.64164
1218	5.56989	5.63865
1219	5.57387	5.64196
1220	5.57449	5.63939
1221	5.58729	5.6394
1222	5.5913	5.64058
1223	5.58906	5.63724
1224	5.5845	5.63634
1225	5.57994	5.63562
1226	5.57539	5.63327
1227	5.57085	5.63013
1228	5.56632	5.63097
1229	5.5618	5.63527
1230	5.56226	5.63314
1231	5.56098	5.63207
1232	5.55647	5.6318
1233	5.55448	5.63642
1234	5.55306	5.63373
1235	5.54857	5.632
1236	5.55106	5.62904
1237	5.54657	5.62572
1238	5.55132	5.62566
1239	5.56182	5.62239
1240	5.56866	5.62497
1241	5.57417	5.62267
1242	5.56969	5.61987
1243	5.57812	5.61671
1244	5.59339	5.61672
1245	5.60046	5.61563
1246	5.59597	5.61554
1247	5.59149	5.61629
1248	5.59316	5.61433
1249	5.59718	5.61113
1250	5.59915	5.6086
1251	5.59467	5.60596
1252	5.59505	5.60533
1253	5.61086	5.60367
1254	5.60639	5.602
1255	5.60192	5.60496
1256	5.59747	5.60178
1257	5.60316	5.60203
1258	5.599	5.5993
1259	5.59455	5.60085
1260	5.61329	5.60144
1261	5.60884	5.60938
1262	5.6044	5.60635
1263	5.61394	5.61035
1264	5.6095	5.60922
1265	5.60507	5.60622
1266	5.60065	5.6062
1267	5.62503	5.60551
1268	5.63759	5.60452
1269	5.63315	5.60334
1270	5.62872	5.60293
1271	5.63323	5.60299
1272	5.64124	5.59996
1273	5.64367	5.60088
1274	5.64161	5.59775
1275	5.64031	5.59785
1276	5.64159	5.59835
1277	5.64132	5.59713
1278	5.64813	5.59805
1279	5.64372	5.59867
1280	5.63931	5.60246
1281	5.6413	5.60201
1282	5.6369	5.60463
1283	5.63251	5.60163
1284	5.63745	5.61028
1285	5.6409	5.6076
1286	5.6392	5.60467
1287	5.6357	5.60703
1288	5.63755	5.60623
1289	5.63318	5.60359
1290	5.64319	5.60164
1291	5.64238	5.59983
1292	5.63802	5.59684
1293	5.64293	5.5962
1294	5.63857	5.59353
1295	5.63422	5.59451
1296	5.63902	5.59135
1297	5.63697	5.59104
1298	5.63264	5.59378
1299	5.6283	5.59104
1300	5.62398	5.59778
1301	5.61966	5.59477
1302	5.62165	5.59237
1303	5.62521	5.59182
1304	5.62624	5.59277
1305	5.62567	5.59396
1306	5.62137	5.59088
1307	5.62667	5.59097
1308	5.62238	5.58913
1309	5.61808	5.58693
1310	5.6138	5.58841
1311	5.61775	5.58819
1312	5.61502	5.58807
1313	5.61074	5.58522
1314	5.60648	5.5859
1315	5.61069	5.58398
1316	5.60643	5.58463
1317	5.60679	5.58341
1318	5.60254	5.5834
1319	5.60614	5.58836
1320	5.60634	5.58528
1321	5.6021	5.5823
1322	5.6079	5.57929
1323	5.60367	5.57622
1324	5.61034	5.57573
1325	5.60611	5.57934
1326	5.60189	5.57923
1327	5.59767	5.57722
1328	5.59627	5.57667
1329	5.59544	5.57528
1330	5.59124	5.57664
1331	5.58704	5.57872
1332	5.60121	5.57963
1333	5.59701	5.58195
1334	5.60397	5.58385
1335	5.59977	5.58168
1336	5.59612	5.57912
1337	5.59732	5.57951
1338	5.59314	5.57927
1339	5.59699	5.58845
1340	5.59282	5.58549
1341	5.60138	5.5945
1342	5.62181	5.59376
1343	5.62985	5.59243
1344	5.63174	5.59567
1345	5.62755	5.59808
1346	5.62337	5.59928
1347	5.6192	5.60119
1348	5.61943	5.60013
1349	5.61526	5.60249
1350	5.61111	5.60131
1351	5.62074	5.59833
1352	5.62939	5.5954
1353	5.63334	5.59742
1354	5.63398	5.59921
1355	5.63938	5.59944
1356	5.63651	5.59653
1357	5.63236	5.59796
1358	5.64927	5.60101
1359	5.64511	5.59816
1360	5.65148	5.59842
1361	5.64785	5.59568
1362	5.64371	5.5978
1363	5.63957	5.60252
1364	5.63544	5.60248
1365	5.63131	5.60695
1366	5.63004	5.61295
1367	5.62868	5.61895
1368	5.62821	5.61608
1369	5.64213	5.61676
1370	5.63802	5.61742
1371	5.64808	5.62098
1372	5.64644	5.61995
1373	5.65239	5.61725
1374	5.64828	5.6143
1375	5.6551	5.61191
1376	5.65099	5.61095
1377	5.65286	5.6104
1378	5.65875	5.61438
1379	5.65465	5.61753
1380	5.65542	5.61947
1381	5.65132	5.62471
1382	5.64724	5.62411
1383	5.64847	5.62909
1384	5.64439	5.62882
1385	5.64226	5.62765
1386	5.63819	5.62487
1387	5.63413	5.62399
1388	5.63007	5.63156
1389	5.62602	5.63176
1390	5.62499	5.63006
1391	5.62095	5.62994
1392	5.61691	5.62863
1393	5.62404	5.62876
1394	5.62001	5.63003
1395	5.62412	5.635
1396	5.6223	5.63218
1397	5.61827	5.63039
1398	5.61426	5.6276
1399	5.61025	5.63058
1400	5.60624	5.6285
1401	5.61092	5.63356
1402	5.60692	5.63399
1403	5.60409	5.63202
1404	5.61468	5.63215
1405	5.61874	5.63375
1406	5.61474	5.6365
1407	5.61345	5.6354
1408	5.60947	5.6387
1409	5.60549	5.63781
1410	5.60947	5.63663
1411	5.62191	5.64548
1412	5.62376	5.6476
1413	5.61978	5.64895
1414	5.62033	5.6535
1415	5.61636	5.65083
1416	5.63213	5.64889
1417	5.62954	5.64603
1418	5.62557	5.64559
1419	5.62753	5.64951
1420	5.62431	5.64682
1421	5.63611	5.65046
1422	5.63811	5.65198
1423	5.63415	5.65257
1424	5.63024	5.65243
1425	5.62629	5.65265
1426	5.63242	5.6507
1427	5.6305	5.64866
1428	5.62656	5.6462
1429	5.62262	5.64458
1430	5.61869	5.64253
1431	5.61477	5.64336
1432	5.61085	5.64336
1433	5.60694	5.64968
1434	5.60303	5.654
1435	5.59913	5.65678
1436	5.59523	5.65512
1437	5.59592	5.65771
1438	5.59203	5.65569
1439	5.58814	5.65639
1440	5.59412	5.65721
1441	5.59623	5.65729
1442	5.59603	5.65625
1443	5.59271	5.65636
1444	5.59107	5.657
1445	5.58721	5.65414
1446	5.59138	5.65362
1447	5.60016	5.65983
1448	5.5963	5.65721
1449	5.59244	5.66145
1450	5.59602	5.66456
1451	5.59222	5.66468
1452	5.58837	5.66265
1453	5.58679	5.6683
1454	5.58429	5.6667
1455	5.5853	5.66882
1456	5.58147	5.66652
1457	5.57764	5.66483
1458	5.58647	5.66504
1459	5.58467	5.66547
1460	5.5824	5.67448
1461	5.59847	5.67995
1462	5.59464	5.68341
1463	5.61294	5.68278
1464	5.60911	5.68145
1465	5.61815	5.68555
1466	5.62469	5.68324
1467	5.62888	5.68068
1468	5.63148	5.68384
1469	5.62765	5.68368
1470	5.62634	5.69093
1471	5.63576	5.69475
1472	5.63256	5.69217
1473	5.62874	5.69422
1474	5.62493	5.69693
1475	5.62125	5.69432
1476	5.6336	5.69417
1477	5.63511	5.69158
1478	5.6313	5.6915
1479	5.64773	5.69123
1480	5.64391	5.69028
1481	5.6465	5.69279
1482	5.64592	5.69281
1483	5.66742	5.69482
1484	5.6656	5.69927
1485	5.66775	5.6998
1486	5.66393	5.69953
1487	5.66295	5.69686
1488	5.65914	5.69722
1489	5.65535	5.69487
1490	5.66038	5.69215
1491	5.65658	5.68952
1492	5.65692	5.69074
1493	5.65314	5.69578
1494	5.66316	5.70126
1495	5.66	5.6993
1496	5.66044	5.69819
1497	5.6656	5.69624
1498	5.66182	5.69389
1499	5.66088	5.69534
1500	5.6593	5.69366
1501	5.65554	5.69284
1502	5.65177	5.6901
1503	5.64802	5.68975
1504	5.64926	5.6891
1505	5.64551	5.69062
1506	5.64176	5.6944
1507	5.63802	5.70145
1508	5.63428	5.69952
1509	5.63187	5.69678
1510	5.63405	5.69721
1511	5.63033	5.70041
1512	5.6318	5.69969
1513	5.6335	5.6997
1514	5.63069	5.69912
1515	5.62725	5.70227
1516	5.62354	5.69963
1517	5.62553	5.69781
1518	5.62333	5.69655
1519	5.62083	5.69599
1520	5.61886	5.69321
1521	5.61516	5.69271
1522	5.61148	5.69592
1523	5.60826	5.70115
1524	5.60459	5.70156
1525	5.60091	5.70363
1526	5.6007	5.70504
1527	5.60119	5.70245
1528	5.60054	5.69974
1529	5.59688	5.69836
1530	5.59849	5.70415
1531	5.59769	5.70438
1532	5.59507	5.70407
1533	5.59142	5.70137
1534	5.58778	5.69865
1535	5.58414	5.7022
1536	5.5943	5.70522
1537	5.59242	5.7051
1538	5.58878	5.70548
1539	5.58515	5.70445
1540	5.59825	5.70379
1541	5.60611	5.70137
1542	5.60247	5.70463
1543	5.60342	5.70199
1544	5.59979	5.70047
1545	5.60493	5.69847
1546	5.60209	5.69765
1547	5.59847	5.69713
1548	5.59486	5.69492
1549	5.59125	5.69684
1550	5.59597	5.6944
1551	5.59565	5.69175
1552	5.59205	5.69317
1553	5.59512	5.69157
1554	5.59152	5.69662
1555	5.58818	5.69397
1556	5.58705	5.6913
1557	5.58597	5.68972
1558	5.58726	5.69696
1559	5.58442	5.6951
1560	5.58151	5.69251
1561	5.58711	5.6908
1562	5.59149	5.6905
1563	5.59652	5.69364
1564	5.59294	5.69328
1565	5.58937	5.69311
1566	5.5858	5.69844
1567	5.59307	5.6989
1568	5.58961	5.69771
1569	5.58605	5.69845
1570	5.58249	5.70173
1571	5.5887	5.70185
1572	5.58514	5.69976
1573	5.58159	5.69955
1574	5.58481	5.69805
1575	5.58481	5.69549
1576	5.58127	5.69562
1577	5.59245	5.69706
1578	5.58891	5.69628
1579	5.58993	5.69501
1580	5.58654	5.69357
1581	5.58684	5.69265
1582	5.58912	5.694
1583	5.5904	5.695
1584	5.58767	5.69618
1585	5.58415	5.69362
1586	5.5831	5.69127
1587	5.57958	5.69069
1588	5.57766	5.68925
1589	5.57415	5.68965
1590	5.57204	5.68809
1591	5.56854	5.68644
1592	5.56505	5.68389
1593	5.56156	5.68218
1594	5.56592	5.68564
1595	5.56709	5.68785
1596	5.56361	5.68528
1597	5.56012	5.68745
1598	5.5596	5.68719
1599	5.55613	5.68458
1600	5.55266	5.68354
1601	5.57604	5.68327
1602	5.57859	5.68736
1603	5.57511	5.68866
1604	5.57206	5.69136
1605	5.56859	5.69543
1606	5.57374	5.69467
1607	5.57564	5.69488
1608	5.57995	5.69492
1609	5.58068	5.69985
1610	5.58094	5.69849
1611	5.58114	5.69746
1612	5.57965	5.6952
1613	5.58651	5.69811
1614	5.58305	5.70059
1615	5.58191	5.69997
1616	5.57846	5.69767
1617	5.57501	5.69718
1618	5.57157	5.69957
1619	5.56813	5.70105
1620	5.56469	5.69859
1621	5.56126	5.6966
1622	5.55937	5.69685
1623	5.55594	5.69679
1624	5.55271	5.69901
1625	5.5493	5.69879
1626	5.54589	5.69724
1627	5.5503	5.69516
1628	5.55208	5.69545
1629	5.54867	5.69548
1630	5.54527	5.69872
1631	5.54187	5.69837
1632	5.53848	5.69808
1633	5.53509	5.70062
1634	5.53959	5.70294
1635	5.5362	5.70302
1636	5.53282	5.70137
1637	5.52944	5.7019
1638	5.52607	5.70232
1639	5.5227	5.70185
1640	5.52851	5.70008
1641	5.52514	5.699
1642	5.52619	5.69913
1643	5.52345	5.70054
1644	5.5201	5.70046
1645	5.51674	5.70519
1646	5.51339	5.70278
1647	5.51005	5.70029
1648	5.50671	5.69934
1649	5.50451	5.69744
1650	5.51296	5.69767
1651	5.50963	5.6953
1652	5.50629	5.69637
1653	5.50872	5.69385
1654	5.50539	5.69133
1655	5.50206	5.68881
1656	5.49874	5.69179
1657	5.49953	5.69189
1658	5.50072	5.69005
1659	5.49741	5.68822
1660	5.49871	5.6858
1661	5.4954	5.68435
1662	5.49209	5.6833
1663	5.49411	5.68088
1664	5.49792	5.67915
1665	5.50331	5.67864
1666	5.50141	5.6825
1667	5.49811	5.69007
1668	5.49639	5.69044
1669	5.50179	5.69313
1670	5.4985	5.69169
1671	5.50558	5.69219
1672	5.50243	5.68995
1673	5.5044	5.68946
1674	5.50178	5.69305
1675	5.51297	5.69062
1676	5.50968	5.69049
1677	5.5064	5.688
1678	5.50709	5.68589
1679	5.50793	5.69138
1680	5.50466	5.68901
1681	5.50305	5.68687
1682	5.49978	5.68681
1683	5.49651	5.68436
1684	5.49911	5.68809
1685	5.49833	5.68945
1686	5.49873	5.69046
1687	5.49944	5.68904
1688	5.50769	5.68694
1689	5.50691	5.68939
1690	5.50366	5.69172
1691	5.50603	5.69542
1692	5.51087	5.69352
1693	5.50762	5.69525
1694	5.51825	5.69328
1695	5.52044	5.69233
1696	5.52114	5.69335
1697	5.51789	5.69983
1698	5.51464	5.69852
1699	5.51285	5.6992
1700	5.51047	5.70075
1701	5.50723	5.70407
1702	5.50623	5.70164
1703	5.505	5.69926
1704	5.50459	5.69715
1705	5.50136	5.69692
1706	5.49814	5.69587
1707	5.50898	5.69729
1708	5.51633	5.69493
1709	5.5131	5.69347
1710	5.50988	5.69136
1711	5.51944	5.68894
1712	5.52956	5.6879
1713	5.52653	5.68776
1714	5.5246	5.68627
1715	5.52995	5.6845
1716	5.54224	5.68273
1717	5.53902	5.68161
1718	5.54485	5.68236
1719	5.55322	5.67998
1720	5.5576	5.67928
1721	5.55654	5.67922
1722	5.55331	5.67776
1723	5.56858	5.68006
1724	5.56535	5.68069
1725	5.56326	5.68107
1726	5.56004	5.67893
1727	5.55682	5.67911
1728	5.57005	5.67741
1729	5.56913	5.67537
1730	5.571	5.673
1731	5.57229	5.67788
1732	5.56907	5.68304
1733	5.57026	5.68175
1734	5.56705	5.68035
1735	5.56384	5.6785
1736	5.56064	5.67617
1737	5.56991	5.67404
1738	5.56671	5.67312
1739	5.56351	5.67077
1740	5.56169	5.67233
1741	5.55986	5.67243
1742	5.55823	5.67931
1743	5.56802	5.67702
1744	5.5675	5.67769
1745	5.56431	5.67533
1746	5.5664	5.6757
1747	5.56321	5.67528
1748	5.56003	5.67328
1749	5.55804	5.67368
1750	5.55487	5.67144
1751	5.55865	5.67071
1752	5.56742	5.6727
1753	5.57382	5.67045
1754	5.57306	5.67354
1755	5.56989	5.6712
1756	5.5669	5.66898
1757	5.56788	5.66797
1758	5.56471	5.66986
1759	5.57358	5.67154
1760	5.57041	5.67356
1761	5.57599	5.67125
1762	5.58319	5.6703
1763	5.58003	5.66996
1764	5.57763	5.66857
1765	5.58145	5.67514
1766	5.57829	5.67289
1767	5.58461	5.67669
1768	5.58145	5.6752
1769	5.5783	5.67695
1770	5.57973	5.67485
1771	5.57658	5.67514
1772	5.58027	5.67622
1773	5.57712	5.67513
1774	5.57398	5.67291
1775	5.57924	5.67272
1776	5.59244	5.67103
1777	5.59239	5.66945
1778	5.58924	5.67204
1779	5.5861	5.67222
1780	5.58332	5.67254
1781	5.58018	5.67026
1782	5.58392	5.66899
1783	5.58079	5.66694
1784	5.57766	5.6657
1785	5.5762	5.67318
1786	5.57351	5.67381
1787	5.57043	5.67186
1788	5.57838	5.67365
1789	5.57526	5.6714
1790	5.57506	5.67009
1791	5.58327	5.66907
1792	5.58535	5.66828
1793	5.58223	5.66637
1794	5.57912	5.66433
1795	5.59117	5.66367
1796	5.58806	5.66294
1797	5.59565	5.66502
1798	5.59487	5.66532
1799	5.59176	5.66671
1800	5.58866	5.66632
1801	5.58845	5.67055
1802	5.58664	5.66996
1803	5.58355	5.6678
1804	5.58262	5.66622
1805	5.57953	5.66428
1806	5.58078	5.66228
1807	5.58393	5.66805
1808	5.59062	5.67307
1809	5.58753	5.67168
1810	5.58445	5.66988
1811	5.58359	5.66765
1812	5.59712	5.66842
1813	5.59403	5.66859
1814	5.59944	5.67217
1815	5.60984	5.6746
1816	5.60675	5.67327
1817	5.61306	5.67677
1818	5.60998	5.67457
1819	5.60689	5.67242
1820	5.60398	5.67548
1821	5.6009	5.67518
1822	5.6005	5.67947
1823	5.59743	5.68576
1824	5.59953	5.68349
1825	5.59647	5.68409
1826	5.6122	5.68277
1827	5.60915	5.6818
1828	5.60903	5.68191
1829	5.61802	5.68034
1830	5.61496	5.68571
1831	5.62334	5.68368
1832	5.63343	5.68461
1833	5.63703	5.68689
1834	5.64122	5.68746
1835	5.63815	5.68754
1836	5.63508	5.68546
1837	5.63201	5.68389
1838	5.62895	5.68196
1839	5.62589	5.68342
1840	5.62284	5.68284
1841	5.62701	5.68507
1842	5.62396	5.68284
1843	5.6316	5.68855
1844	5.62855	5.68971
1845	5.6255	5.68758
1846	5.62853	5.68668
1847	5.62637	5.68442
1848	5.62333	5.68217
1849	5.62029	5.68218
1850	5.61783	5.68157
1851	5.62517	5.68142
1852	5.64367	5.68557
1853	5.64063	5.68717
1854	5.63759	5.69008
1855	5.63455	5.69011
1856	5.63491	5.68961
1857	5.63959	5.68829
1858	5.63656	5.68604
1859	5.63353	5.68438
1860	5.63137	5.68409
1861	5.63768	5.68184
1862	5.63659	5.68682
1863	5.63645	5.68464
1864	5.63343	5.68387
1865	5.63041	5.68495
1866	5.62756	5.68512
1867	5.6248	5.68965
1868	5.62179	5.68907
1869	5.63081	5.68695
1870	5.6278	5.68874
1871	5.6248	5.69009
1872	5.62179	5.68814
1873	5.62277	5.686
1874	5.61977	5.68534
1875	5.61678	5.6899
1876	5.61589	5.68868
1877	5.61974	5.68864
1878	5.61675	5.68746
1879	5.61403	5.68741
1880	5.61105	5.69004
1881	5.60854	5.68803
1882	5.61113	5.68819
1883	5.60816	5.6895
1884	5.61179	5.68875
1885	5.61776	5.68914
1886	5.61478	5.68905
1887	5.62438	5.69144
1888	5.6214	5.69095
1889	5.61843	5.68877
1890	5.6218	5.69021
1891	5.63101	5.688
1892	5.63208	5.68817
1893	5.6291	5.68707
1894	5.62613	5.68497
1895	5.62553	5.68411
1896	5.62257	5.68192
1897	5.61961	5.68013
1898	5.61838	5.67811
1899	5.62548	5.67687
1900	5.62252	5.67481
1901	5.61957	5.67366
1902	5.62156	5.67157
1903	5.63158	5.66942
1904	5.63954	5.66874
1905	5.63999	5.66719
1906	5.65144	5.66517
1907	5.65009	5.66555
1908	5.65035	5.66625
1909	5.65263	5.66721
1910	5.64967	5.67041
1911	5.6486	5.66917
1912	5.64565	5.66843
1913	5.6427	5.66638
1914	5.64326	5.67066
1915	5.64031	5.67364
1916	5.64975	5.67292
1917	5.65579	5.6727
1918	5.65284	5.67155
1919	5.65357	5.67155
1920	5.65063	5.67104
1921	5.64769	5.66893
1922	5.64475	5.6714
1923	5.64182	5.66929
1924	5.64276	5.67073
1925	5.64205	5.67067
1926	5.63912	5.67006
1927	5.6362	5.67021
1928	5.64693	5.66819
1929	5.644	5.67139
1930	5.64108	5.67048
1931	5.64191	5.66981
1932	5.65037	5.66777
1933	5.64745	5.66875
1934	5.64719	5.66787
1935	5.64428	5.66599
1936	5.64498	5.66578
1937	5.64207	5.66564
1938	5.63916	5.66537
1939	5.63625	5.66634
1940	5.63787	5.66574
1941	5.63497	5.66453
1942	5.63826	5.66669
1943	5.63976	5.66455
1944	5.63686	5.66374
1945	5.63397	5.66394
1946	5.63107	5.6624
1947	5.62818	5.66185
1948	5.63085	5.66223
1949	5.63346	5.6613
1950	5.63829	5.66043
1951	5.64085	5.66557
1952	5.64499	5.66583
1953	5.6421	5.66572
1954	5.63922	5.66559
1955	5.64099	5.66698
1956	5.64512	5.66938
1957	5.64257	5.66897
1958	5.63969	5.66786
1959	5.64413	5.66595
1960	5.64125	5.66937
1961	5.63837	5.66727
1962	5.6355	5.66522
1963	5.63263	5.67009
1964	5.63414	5.66799
1965	5.63217	5.67177
1966	5.6293	5.6725
1967	5.62644	5.67242
1968	5.63029	5.671
1969	5.62743	5.67478
1970	5.62502	5.67293
1971	5.62217	5.67472
1972	5.61932	5.67265
1973	5.62719	5.67143
1974	5.62435	5.66938
1975	5.6215	5.67161
1976	5.62707	5.66991
1977	5.62422	5.67015
1978	5.62714	5.66874
1979	5.6243	5.66851
1980	5.63024	5.66682
1981	5.63543	5.66482
1982	5.63259	5.66578
1983	5.62975	5.66372
1984	5.62691	5.66345
1985	5.62462	5.66447
1986	5.62849	5.66817
1987	5.62878	5.66787
1988	5.63465	5.66596
1989	5.63663	5.66476
1990	5.64727	5.66288
1991	5.64444	5.66512
1992	5.64956	5.66374
1993	5.64673	5.66433
1994	5.65539	5.66443
1995	5.6556	5.66484
1996	5.65277	5.66824
1997	5.66103	5.67258
1998	5.66567	5.67121
1999	5.66284	5.67031
